-1500 -1050
 1500 -1050
 1500  1050
 1100  1050
 1100   650
 1500   650
 1500  1050
-1500  1050
-1100  1050
-1100   650
-1500   650
-1500  1050
-1500 -1050
-1100 -1050
-1100  1050
-1050  1050
-1050 -1050
-1050  -700
 -700  -700
 1050  -700
 -700  -700
 -700  1050
 -350  1050
 -350  -700
    0  -700
    0  1050
  350  1050
  350  -700
  700  -700
  700  1050
 1100  1050
 1100 -1050
 1050 -1050
 1050  1050
 1050   700
-1050   700
-1050   350
 1050   350
 1050     0
-1050     0
-1050  -350
 1050  -350
 1050  -700
-1050  -700
